11 12 2.0
11 13 1.5
11 14 5.5
11 21 1.0
11 22 0.5
11 23 1.0
11 24 0.5
11 31 1.5
11 32 1.0
11 33 6.5
11 34 1.0
11 41 1.0
11 42 0.5
11 43 0.5
11 44 1.5
11 51 6.0
11 52 1.0
11 53 5.5
11 54 3.0
11 61 6.5
11 62 1.0
11 63 1.5
11 64 1.5
11 71 2.5
11 72 1.5
11 73 3.0
11 74 1.5
11 81 1.0
11 82 5.5
11 84 5.5
11 91 0.5
11 92 1.5
11 93 1.0
11 94 3.0
12 13 4.0
12 14 2.0
12 21 6.0
12 22 5.5
12 23 6.5
12 24 6.0
12 31 6.0
12 32 6.5
12 33 2.5
12 34 6.5
12 41 6.5
12 42 6.0
12 43 6.0
12 44 6.0
12 51 2.5
12 52 6.5
12 53 1.5
12 54 3.5
12 61 2.5
12 62 6.5
12 63 6.0
12 64 5.5
12 71 4.0
12 72 6.0
12 73 3.5
12 74 4.0
12 81 3.5
12 82 1.5
12 83 2.0
12 84 1.5
12 91 5.0
12 92 4.5
12 93 4.5
12 94 3.5
13 14 1.0
13 21 4.5
13 22 5.0
13 23 5.5
13 24 5.0
13 31 6.0
13 32 5.5
13 33 1.0
13 34 5.5
13 41 5.5
13 42 4.5
13 43 5.0
13 44 5.5
13 51 1.0
13 52 5.0
13 53 2.0
13 54 5.0
13 61 1.0
13 62 5.0
13 63 5.5
13 64 5.5
13 71 4.5
13 72 6.0
13 73 2.0
13 74 6.0
13 81 5.0
13 82 1.0
13 83 0.5
13 84 1.0
13 91 6.0
13 92 6.0
13 93 5.5
13 94 3.5
14 21 1.5
14 22 1.0
14 23 1.5
14 24 1.0
14 31 1.0
14 32 1.0
14 33 7.0
14 34 1.5
21 22 6.5
21 23 7.5
21 24 6.5
21 31 6.5
21 32 7.0
21 33 2.0
21 34 7.5
21 41 7.0
21 42 6.5
21 43 7.0
21 44 6.0
21 51 2.0
21 52 6.5
21 53 1.5
21 54 4.0
21 61 1.5
21 62 6.5
21 63 6.5
21 64 6.0
21 71 5.0
21 72 6.5
21 73 4.0
21 74 5.5
21 81 4.5
21 82 1.0
21 83 1.0
21 84 0.5
21 91 6.0
21 92 6.0
21 93 5.5
21 94 4.0
22 23 7.5
22 24 7.0
22 31 6.5
22 32 6.5
22 33 1.5
22 34 7.5
22 41 7.0
22 42 7.0
22 43 7.5
22 44 6.0
22 51 1.5
22 52 6.5
22 53 1.0
22 54 4.0
22 61 1.0
22 62 6.5
22 63 6.5
22 64 6.5
22 71 4.5
22 72 6.5
22 73 3.5
22 74 5.5
22 81 5.0
22 82 1.0
22 83 1.0
22 84 0.5
22 91 6.5
22 92 5.5
22 93 6.0
22 94 4.5
23 24 7.5
23 31 7.5
23 32 7.5
23 33 2.0
23 34 8.5
23 41 8.0
23 42 7.5
23 43 8.0
23 44 7.0
23 51 2.0
23 52 7.5
23 53 1.5
23 54 4.5
23 61 1.5
23 62 7.5
23 63 7.5
23 64 7.0
23 71 5.5
23 72 7.5
23 73 4.0
23 74 6.0
23 81 5.0
23 82 1.0
23 83 1.0
23 84 0.5
23 91 7.0
23 92 6.5
23 93 6.5
23 94 5.0
24 31 7.0
24 32 6.5
24 33 1.0
24 34 7.5
31 32 6.5
31 33 1.0
31 34 7.5
31 41 7.5
31 42 6.5
31 43 7.0
31 44 7.5
31 51 1.0
31 52 7.0
31 53 1.0
31 54 5.0
31 61 1.0
31 62 7.0
31 63 7.5
31 64 7.0
31 71 5.5
31 72 8.0
31 73 3.0
31 74 6.0
31 81 5.0
31 83 0.5
31 91 7.0
31 92 6.5
31 93 6.5
31 94 4.0
32 33 2.0
32 34 7.5
32 41 7.0
32 42 6.5
32 43 7.0
32 44 6.0
32 51 2.0
32 52 6.5
32 53 2.5
32 54 3.5
32 61 1.5
32 62 6.5
32 63 6.5
32 64 6.0
32 71 5.5
32 72 6.5
32 73 5.0
32 74 6.0
32 81 5.0
32 82 2.0
32 83 1.0
32 84 1.5
32 91 7.0
32 92 6.5
32 93 6.5
32 94 4.0
33 34 2.0
33 41 1.5
33 42 2.0
33 43 1.5
33 44 1.5
33 51 8.0
33 52 1.5
33 53 7.0
33 54 3.5
33 61 8.0
33 62 2.0
33 63 2.0
33 64 2.0
33 71 3.0
33 72 1.0
33 73 4.5
33 74 1.5
33 81 2.0
33 82 7.5
33 83 7.5
33 84 7.0
33 91 0.5
33 92 1.5
33 93 1.0
33 94 4.5
41 42 7.0
41 43 7.5
41 51 1.5
41 52 7.5
41 53 1.5
41 61 1.5
41 62 7.5
41 63 7.0
41 71 5.0
41 72 7.5
41 73 3.5
41 81 4.5
41 82 0.5
41 83 1.0
41 91 6.5
41 92 6.0
41 93 6.0
42 43 8.0
42 51 2.0
42 52 7.0
42 53 1.5
42 61 1.5
42 62 7.5
42 63 7.5
42 71 5.5
42 72 6.5
42 73 5.0
42 81 6.0
42 82 2.0
42 83 2.0
42 91 7.0
42 92 5.5
42 93 6.5
43 51 1.5
43 52 7.0
43 53 1.0
43 61 1.0
43 62 7.0
43 63 7.0
43 71 5.0
43 72 7.0
43 73 4.5
43 81 5.5
43 82 1.5
43 83 1.5
43 91 7.5
43 92 6.0
43 93 7.0
51 52 1.5
51 53 6.5
51 61 7.5
51 62 2.0
51 63 2.0
51 71 3.0
51 72 1.0
51 73 4.0
51 81 2.0
51 82 7.0
51 83 7.0
51 91 0.5
51 92 1.5
51 93 0.5
52 53 1.5
52 61 1.5
52 62 7.5
52 63 7.0
52 71 5.0
52 72 7.0
52 73 3.5
52 81 4.5
52 82 0.5
52 83 1.0
52 91 6.0
52 92 5.5
52 93 5.5
53 61 7.5
53 62 2.0
53 63 1.5
53 71 3.5
53 72 1.0
53 73 5.0
53 81 2.5
53 82 7.0
53 83 7.0
53 91 1.0
53 92 2.0
53 93 1.5
61 62 2.0
61 63 1.5
61 71 2.5
61 72 1.0
61 73 4.0
61 81 1.5
61 82 7.0
61 83 8.0
61 92 1.0
61 93 0.5
62 63 7.5
62 71 5.5
62 72 7.0
62 73 4.0
62 81 5.0
62 82 1.0
62 83 1.5
62 91 6.0
62 92 5.5
62 93 5.5
63 71 6.5
63 72 7.5
63 73 4.0
63 81 6.0
63 82 1.0
63 83 1.0
63 91 7.0
63 92 6.5
63 93 6.5
71 72 5.5
71 73 6.0
71 81 6.0
71 82 3.0
71 91 6.0
71 92 6.0
71 93 5.5
72 73 3.0
72 81 5.0
72 83 0.5
72 91 7.0
72 92 6.5
72 93 6.5
73 81 4.5
73 82 5.5
73 83 4.5
73 91 4.5
73 92 3.5
73 93 5.0
81 82 3.0
81 91 6.5
81 92 6.0
81 93 6.0
82 83 7.5
82 91 1.5
82 92 1.5
82 93 2.0
83 91 0.5
83 92 0.5
83 93 1.0
91 92 7.0
91 93 8.0
92 93 6.5
